File 	 GPStime 	 HCoh8	 LCoh8
posterior_H1L1_1126409035.17-1228.hdf5	1126409035.17	4.25700205815	3.77708951661
posterior_H1L1_1126759600.57-1200.hdf5	1126759600.57	6.11071319358	6.91887167056
posterior_H1L1_1126566977.35-953.hdf5	1126566977.35	5.43295648193	4.65354028745
posterior_H1L1_1127394653.64-1035.hdf5	1127394653.64	6.23862039699	6.00723489414
posterior_H1L1_1127215863.8-1072.hdf5	1127215863.8	6.55470504494	4.66004327299
posterior_H1L1_1127211582.81-990.hdf5	1127211582.81	6.84675439032	4.75781964609
posterior_H1L1_1127666650.08-956.hdf5	1127666650.08	6.31623483918	9.60757734586
posterior_H1L1_1127523212.58-1243.hdf5	1127523212.58	7.37821581791	5.16718424639
posterior_H1L1_1127783006.16-967.hdf5	1127783006.16	5.885952268	5.75056299436
posterior_H1L1_1128169326.19-1204.hdf5	1128169326.19	5.76025256933	5.18317296013
posterior_H1L1_1126659549.62-942.hdf5	1126659549.62	5.4699301689	5.20879697178
posterior_H1L1_1127044136.03-1212.hdf5	1127044136.03	5.68127017614	4.79788768811
posterior_H1L1_1126990301.7-1056.hdf5	1126990301.7	5.72415861226	6.68818382404
posterior_H1L1_1127405363.34-1147.hdf5	1127405363.34	5.87160961172	5.32781146535
posterior_H1L1_1128657636.54-1163.hdf5	1128657636.54	7.30519687537	6.77824615973
posterior_H1L1_1128118929.13-1075.hdf5	1128118929.13	6.28380657156	5.66099013516
posterior_H1L1_1128250977.33-1100.hdf5	1128250977.33	6.82343564779	5.37238463126
posterior_H1L1_1128218515.88-1146.hdf5	1128218515.88	5.87800858785	6.03922075222
posterior_H1L1_1127203274.53-1155.hdf5	1127203274.53	6.67914052478	5.52269450709
posterior_H1L1_1126672284.98-1154.hdf5	1126672284.98	5.15767039567	4.82259667139
posterior_H1L1_1128044136.39-1065.hdf5	1128044136.39	6.96464957241	6.56757669848
posterior_H1L1_1127711242.79-1001.hdf5	1127711242.79	6.22418325395	4.80714205466
posterior_H1L1_1127620166.41-1172.hdf5	1127620166.41	4.52872378293	4.75603818991
posterior_H1L1_1127787846.61-1063.hdf5	1127787846.61	5.12069182847	5.47806925134
posterior_H1L1_1128932085.61-1051.hdf5	1128932085.61	5.29087184492	6.5235632792
posterior_H1L1_1129251773.02-1116.hdf5	1129251773.02	5.7843563825	5.62397527572
posterior_H1L1_1128656678.41-1207.hdf5	1128656678.41	7.90801958993	6.29553092859
posterior_H1L1_1127647114.66-1097.hdf5	1127647114.66	5.6015848551	5.96145377382
posterior_H1L1_1126759521.57-1081.hdf5	1126759521.57	6.0085363105	6.81955823966
posterior_H1L1_1128229543.99-1202.hdf5	1128229543.99	5.12290612131	6.94450285542
posterior_H1L1_1126910950.71-1231.hdf5	1126910950.71	6.19827131369	5.84895832215
posterior_H1L1_1127514516.08-1095.hdf5	1127514516.08	5.85228071168	4.79810536347
posterior_H1L1_1129080224.54-1134.hdf5	1129080224.54	5.53547561726	5.67328264195
posterior_H1L1_1127036380.99-1192.hdf5	1127036380.99	5.45432058426	4.99150481038
posterior_H1L1_1127033331.87-1188.hdf5	1127033331.87	5.56647082268	6.27485936697
posterior_H1L1_1126571737.05-1107.hdf5	1126571737.05	5.08745898058	6.53641499459
posterior_H1L1_1126955590.62-1004.hdf5	1126955590.62	6.30393455544	4.32361947082
posterior_H1L1_1127100483.06-1218.hdf5	1127100483.06	5.44316947959	7.66929436364
posterior_H1L1_1129347653.96-1130.hdf5	1129347653.96	6.09307550183	5.08586850088
posterior_H1L1_1126644888.8-1122.hdf5	1126644888.8	5.58186858921	5.78703368267
posterior_H1L1_1126109425.59-1233.hdf5	1126109425.59	6.32360127374	6.44001494287
posterior_H1L1_1127365568.72-1034.hdf5	1127365568.72	6.13119468999	5.56509989835
posterior_H1L1_1128758349.11-1132.hdf5	1128758349.11	6.35788803997	6.60828185754
posterior_H1L1_1128682542.16-1141.hdf5	1128682542.16	6.69687854328	5.70470802341
posterior_H1L1_1128916526.36-1185.hdf5	1128916526.36	6.76372937415	6.33302307894
posterior_H1L1_1128050418.25-1238.hdf5	1128050418.25	5.46842767701	5.20776115815
posterior_H1L1_1128934599.22-1239.hdf5	1128934599.22	4.93294342077	5.14921513117
posterior_H1L1_1127254296.83-1049.hdf5	1127254296.83	6.32653333915	5.05811475083
posterior_H1L1_1128168603.81-1215.hdf5	1128168603.81	6.41344003319	5.70232236241
posterior_H1L1_1128630031.13-1173.hdf5	1128630031.13	6.64500484229	6.60932676319
posterior_H1L1_1126562421.57-984.hdf5	1126562421.57	5.94934820982	6.21758538846
posterior_H1L1_1126627903.68-1030.hdf5	1126627903.68	6.62303002605	10.8951537215
posterior_H1L1_1127004140.55-1247.hdf5	1127004140.55	6.29467041079	5.96674724029
posterior_H1L1_1128693014.48-1080.hdf5	1128693014.48	6.40939975502	6.70099575222
posterior_H1L1_1127239888.6-970.hdf5	1127239888.6	4.9521928412	5.70038633208
posterior_H1L1_1127434682.83-994.hdf5	1127434682.83	6.99298526098	6.6819271448
posterior_H1L1_1127239362.6-1227.hdf5	1127239362.6	5.32346029649	5.90177074751
posterior_H1L1_1127048545.6-1102.hdf5	1127048545.6	6.75274085647	4.68096553029
posterior_H1L1_1126768359.74-1209.hdf5	1126768359.74	5.91868009318	5.23878018202
posterior_H1L1_1127009244.39-1091.hdf5	1127009244.39	6.10355785437	5.30795461121
posterior_H1L1_1127563746.2-938.hdf5	1127563746.2	7.34175297093	4.59238754155
posterior_H1L1_1127406380.06-1235.hdf5	1127406380.06	4.95243201702	4.45432416593
posterior_H1L1_1127734024.76-1137.hdf5	1127734024.76	6.36648481817	5.17264879118
posterior_H1L1_1128688216.65-939.hdf5	1128688216.65	5.92304632442	6.20263512532
posterior_H1L1_1128652618.37-1236.hdf5	1128652618.37	6.41556154187	5.95210173598
posterior_H1L1_1128998665.83-1086.hdf5	1128998665.83	5.30008952256	5.02697729779
posterior_H1L1_1128656675.0-1187.hdf5	1128656675.0	6.30649272572	5.8295052155
posterior_H1L1_1127536358.64-957.hdf5	1127536358.64	5.23195726745	6.64408050058
posterior_H1L1_1127433034.29-1174.hdf5	1127433034.29	6.96807408964	5.71937006435
posterior_H1L1_1127738037.11-1066.hdf5	1127738037.11	6.06045371722	5.86396515983
posterior_H1L1_1127707470.88-1224.hdf5	1127707470.88	4.97823868859	3.98564131237
posterior_H1L1_1126988387.91-1184.hdf5	1126988387.91	6.53465484607	5.9972343902
posterior_H1L1_1128128183.41-1092.hdf5	1128128183.41	5.93297950486	6.08067909532
posterior_H1L1_1128740991.91-1162.hdf5	1128740991.91	5.46744491574	5.64998540432
posterior_H1L1_1129069137.67-1229.hdf5	1129069137.67	5.31417294112	6.02434098291
posterior_H1L1_1128457175.84-1026.hdf5	1128457175.84	6.8506771819	5.21538041438
posterior_H1L1_1127187088.53-1005.hdf5	1127187088.53	6.06358394931	5.3754923966
posterior_H1L1_1128044942.34-1152.hdf5	1128044942.34	7.41727383555	5.95053895226
posterior_H1L1_1127482452.16-986.hdf5	1127482452.16	6.00039661333	4.11505848869
posterior_H1L1_1127038542.12-940.hdf5	1127038542.12	6.21083402072	7.06962692692
posterior_H1L1_1127376114.99-1115.hdf5	1127376114.99	6.59862902406	5.27982601658
posterior_H1L1_1128171518.68-1032.hdf5	1128171518.68	7.91067204494	5.56122158289
posterior_H1L1_1127514561.97-1150.hdf5	1127514561.97	6.63099681975	5.14567111394
posterior_H1L1_1126326860.84-955.hdf5	1126326860.84	5.76593245329	4.62589700982
posterior_H1L1_1127733689.3-1165.hdf5	1127733689.3	6.71388022476	6.47993623619
posterior_H1L1_1128627448.9-1169.hdf5	1128627448.9	5.64881560533	6.13117091003
posterior_H1L1_1127433122.83-1123.hdf5	1127433122.83	5.34866122806	4.84340952118
posterior_H1L1_1127259176.72-1144.hdf5	1127259176.72	5.05437562414	5.67696633041
posterior_H1L1_1127205341.67-1125.hdf5	1127205341.67	7.15217775071	5.78111129711
posterior_H1L1_1127193911.72-1069.hdf5	1127193911.72	5.57811907173	4.51143067643
posterior_H1L1_1127990409.96-1230.hdf5	1127990409.96	6.98721067735	8.82713926093
posterior_H1L1_1127181965.06-1219.hdf5	1127181965.06	5.96171025968	4.0901568583
posterior_H1L1_1127695197.67-1170.hdf5	1127695197.67	7.28222019542	5.62547894149
posterior_H1L1_1127708824.65-1045.hdf5	1127708824.65	6.40389455731	4.97788875713
posterior_H1L1_1127460422.0-1241.hdf5	1127460422.0	5.5682567359	5.21072176026
posterior_H1L1_1128658598.19-1237.hdf5	1128658598.19	5.27330557042	7.72873607159
posterior_H1L1_1128123332.63-1126.hdf5	1128123332.63	7.66845604958	5.85903057297
posterior_H1L1_1127010131.28-1118.hdf5	1127010131.28	5.8174611774	6.34164564636
posterior_H1L1_1128116556.94-996.hdf5	1128116556.94	7.63211434748	6.16156228603
posterior_H1L1_1128761463.65-1029.hdf5	1128761463.65	6.03798234539	7.28292853554
posterior_H1L1_1128757091.07-972.hdf5	1128757091.07	7.24131135562	8.92099600802
posterior_H1L1_1126652504.18-1205.hdf5	1126652504.18	6.50790661719	6.29962672118
posterior_H1L1_1127555078.79-1242.hdf5	1127555078.79	5.87671556379	5.86123444947
posterior_H1L1_1127050603.11-1120.hdf5	1127050603.11	4.63564099485	4.05886349415
posterior_H1L1_1127061470.99-1057.hdf5	1127061470.99	4.29545598713	2.99971476367
posterior_H1L1_1127563066.44-1167.hdf5	1127563066.44	5.97898173083	4.88217558177
posterior_H1L1_1128168660.77-1178.hdf5	1128168660.77	5.39101027505	4.18881988843
posterior_H1L1_1126403558.96-1014.hdf5	1126403558.96	5.85698867981	5.41172178016
posterior_H1L1_1126660463.48-1131.hdf5	1126660463.48	5.0301366506	6.01054618854
posterior_H1L1_1127045881.25-1078.hdf5	1127045881.25	7.34645277846	5.18426426085
posterior_H1L1_1129105774.02-1013.hdf5	1129105774.02	6.7363852567	6.7885134019
posterior_H1L1_1128392318.28-1068.hdf5	1128392318.28	6.45180961994	6.55262566216
posterior_H1L1_1128051935.27-1145.hdf5	1128051935.27	5.93023474589	4.86551062089
posterior_H1L1_1126626280.25-1052.hdf5	1126626280.25	6.34112600007	5.84765927957
posterior_H1L1_1127789138.97-976.hdf5	1127789138.97	5.85591685447	9.07291961171
posterior_H1L1_1127699470.58-1071.hdf5	1127699470.58	7.2256493958	7.32304838492
posterior_H1L1_1126801225.46-1222.hdf5	1126801225.46	6.44940516919	5.90771880402
posterior_H1L1_1128910873.35-1108.hdf5	1128910873.35	6.24400987338	6.25303085368
posterior_H1L1_1128991246.34-1062.hdf5	1128991246.34	6.19763935287	6.21054313724
posterior_H1L1_1128057894.95-1084.hdf5	1128057894.95	5.55147435286	5.94843086511
posterior_H1L1_1128656310.42-1024.hdf5	1128656310.42	6.40678214021	7.40442913072
posterior_H1L1_1129117794.69-1094.hdf5	1129117794.69	6.27013188796	5.59759579717
posterior_H1L1_1127652973.03-1022.hdf5	1127652973.03	5.92640499016	6.14949837152
posterior_H1L1_1127477587.89-1128.hdf5	1127477587.89	6.30126967132	6.05509018078
posterior_H1L1_1128273386.61-1089.hdf5	1128273386.61	7.15006796058	6.47743648859
posterior_H1L1_1127999992.18-999.hdf5	1127999992.18	5.64296192783	7.3706782353
posterior_H1L1_1127690546.59-966.hdf5	1127690546.59	7.09823024224	5.320842336
posterior_H1L1_1129047221.4-1114.hdf5	1129047221.4	5.51359044639	6.23951166697
posterior_H1L1_1128950294.18-1140.hdf5	1128950294.18	5.55070158496	7.88462910493
posterior_H1L1_1128814300.66-971.hdf5	1128814300.66	5.30375369922	7.14247661341
posterior_H1L1_1128430997.75-1076.hdf5	1128430997.75	5.90253937467	6.65735152462
posterior_H1L1_1127613214.24-965.hdf5	1127613214.24	6.63496962023	4.89903128378
posterior_H1L1_1128815977.86-1105.hdf5	1128815977.86	6.65399852663	6.1480704871
posterior_H1L1_1128430632.89-1101.hdf5	1128430632.89	5.70303424761	6.11427543832
posterior_H1L1_1128933299.79-1232.hdf5	1128933299.79	6.04850410023	6.81429064402
posterior_H1L1_1128248527.11-1143.hdf5	1128248527.11	6.12040662614	5.48551280426
posterior_H1L1_1127107012.93-1053.hdf5	1127107012.93	5.77475355318	7.54468046619
posterior_H1L1_1127651908.96-980.hdf5	1127651908.96	7.78292048622	5.39041696795
posterior_H1L1_1128692057.64-1180.hdf5	1128692057.64	6.58605233704	6.07163104137
posterior_H1L1_1127434694.13-1058.hdf5	1127434694.13	7.23504482933	6.68356711431
posterior_H1L1_1127169666.27-995.hdf5	1127169666.27	6.36460984348	8.94761425326
posterior_H1L1_1126568900.3-1210.hdf5	1126568900.3	7.90385001826	6.69055502575
posterior_H1L1_1129040988.14-1007.hdf5	1129040988.14	5.62881015644	7.75346815635
posterior_H1L1_1127625972.1-1161.hdf5	1127625972.1	7.47081788383	7.93233396258
posterior_H1L1_1127557023.8-1208.hdf5	1127557023.8	5.84053865709	5.96899155247
posterior_H1L1_1126770128.88-1009.hdf5	1126770128.88	6.97583270915	8.17116734228
posterior_H1L1_1128250583.68-1082.hdf5	1128250583.68	6.13858550661	6.36182784321
posterior_H1L1_1127613184.2-1245.hdf5	1127613184.2	7.6223126785	5.67300559697
posterior_H1L1_1127699133.26-993.hdf5	1127699133.26	6.29055050186	8.72718307595
posterior_H1L1_1128171263.66-985.hdf5	1128171263.66	7.06066855222	6.5007579467
posterior_H1L1_1128129991.22-1104.hdf5	1128129991.22	7.64590995995	7.59784119581
posterior_H1L1_1129043244.3-1079.hdf5	1129043244.3	6.3275429811	6.01685535002
posterior_H1L1_1126690215.06-1033.hdf5	1126690215.06	6.51997982342	9.07205023776
posterior_H1L1_1127458533.8-1087.hdf5	1127458533.8	6.80401174498	5.75028710251
posterior_H1L1_1128343287.36-979.hdf5	1128343287.36	6.64271619862	7.63141410251
posterior_H1L1_1126990892.29-1067.hdf5	1126990892.29	6.55084723442	6.61614022818
posterior_H1L1_1127220379.28-969.hdf5	1127220379.28	8.60025291543	7.95886056726
posterior_H1L1_1127370445.59-1246.hdf5	1127370445.59	6.80266231353	7.15811701531
posterior_H1L1_1127202366.25-1142.hdf5	1127202366.25	6.11445126712	8.03375773867
posterior_H1L1_1128663652.48-1175.hdf5	1128663652.48	8.99538482196	5.74437466075
posterior_H1L1_1129067990.67-1011.hdf5	1129067990.67	5.21354992648	7.51385149399
posterior_H1L1_1128344078.81-958.hdf5	1128344078.81	6.26114205665	5.74659664088
posterior_H1L1_1126811046.44-1093.hdf5	1126811046.44	5.31683313576	6.55708444028
posterior_H1L1_1128419868.36-1111.hdf5	1128419868.36	7.33797327919	6.9452650339
posterior_H1L1_1127627590.64-943.hdf5	1127627590.64	7.28152063727	8.54417957512
posterior_H1L1_1128134491.19-1135.hdf5	1128134491.19	8.13412232127	6.44998519649
posterior_H1L1_1127512704.75-1050.hdf5	1127512704.75	6.85711152621	6.88060133547
posterior_H1L1_1129082162.57-1214.hdf5	1129082162.57	6.28039540193	11.0035779993
posterior_H1L1_1127608000.89-1061.hdf5	1127608000.89	8.07731952209	5.19831293409
posterior_H1L1_1127183208.07-1158.hdf5	1127183208.07	6.87352541297	8.92463879557
posterior_H1L1_1128761563.27-1037.hdf5	1128761563.27	6.42932157423	10.3472260156
posterior_H1L1_1128223407.57-962.hdf5	1128223407.57	6.07738594382	8.84965326637
posterior_H1L1_1126848578.76-1073.hdf5	1126848578.76	6.90125786009	10.6950437055
posterior_H1L1_1127072188.19-1046.hdf5	1127072188.19	6.94964362566	6.91680030351
posterior_H1L1_1128503871.17-1203.hdf5	1128503871.17	4.97677625654	5.77401181567
posterior_H1L1_1128624004.9-1244.hdf5	1128624004.9	6.7061977053	5.52153330754
posterior_H1L1_1126999148.36-974.hdf5	1126999148.36	7.22175556496	6.12412350995
posterior_H1L1_1126257549.25-973.hdf5	1126257549.25	5.54708977383	8.35560230638
posterior_H1L1_1127262287.96-1017.hdf5	1127262287.96	6.16892255782	7.62556305051
posterior_H1L1_1127197078.86-1090.hdf5	1127197078.86	6.00253820653	7.4406011622
posterior_H1L1_1128814949.48-1223.hdf5	1128814949.48	6.91456140972	7.3112967609
posterior_H1L1_1127002734.67-1018.hdf5	1127002734.67	6.96734549174	8.04924722151
posterior_H1L1_1127621496.93-1206.hdf5	1127621496.93	6.25947657094	5.45709119442
posterior_H1L1_1128273239.03-1186.hdf5	1128273239.03	7.01613787381	6.40976726117
posterior_H1L1_1128703355.55-1103.hdf5	1128703355.55	6.39513254799	6.4708375162
posterior_H1L1_1129249120.03-1225.hdf5	1129249120.03	5.75444238869	5.95614470689
posterior_H1L1_1128666220.78-1199.hdf5	1128666220.78	6.37938207941	6.00187438949
posterior_H1L1_1128230000.75-1213.hdf5	1128230000.75	6.70692317236	6.92575630508
posterior_H1L1_1127619322.13-1176.hdf5	1127619322.13	6.18803733497	5.78491988734
posterior_H1L1_1128821272.83-951.hdf5	1128821272.83	7.46865476971	9.93935111281
posterior_H1L1_1126742304.84-998.hdf5	1126742304.84	5.64108629427	9.81003882652
posterior_H1L1_1128752538.75-1177.hdf5	1128752538.75	5.83101538879	6.73264964317
posterior_H1L1_1127239497.14-1221.hdf5	1127239497.14	6.68912379187	6.01693198175
posterior_H1L1_1127038372.77-1159.hdf5	1127038372.77	5.6883552304	9.43829882505
posterior_H1L1_1127737863.12-1025.hdf5	1127737863.12	6.94545984368	6.68297049243
posterior_H1L1_1128640338.16-1149.hdf5	1128640338.16	6.7018528103	7.02103112023
posterior_H1L1_1127370820.53-1110.hdf5	1127370820.53	7.99512601281	5.99834578212
posterior_H1L1_1128479412.37-1127.hdf5	1128479412.37	7.60857948053	6.90178132639
posterior_H1L1_1128762891.24-1211.hdf5	1128762891.24	5.74337885824	7.33744136522
posterior_H1L1_1128256099.44-1064.hdf5	1128256099.44	10.190429268	6.12760835738
posterior_H1L1_1126574261.37-944.hdf5	1126574261.37	5.40853140682	8.31912882459
posterior_H1L1_1128761443.57-1139.hdf5	1128761443.57	7.88422685962	6.27753448405
posterior_H1L1_1127253723.87-1197.hdf5	1127253723.87	8.75013266064	7.07311330891
posterior_H1L1_1127795327.13-946.hdf5	1127795327.13	6.66929270542	6.47975894484
posterior_H1L1_1128954745.38-1171.hdf5	1128954745.38	6.60977764216	6.53674303948
posterior_H1L1_1128995282.66-1054.hdf5	1128995282.66	6.40288891877	6.10916056668
posterior_H1L1_1126796497.07-1016.hdf5	1126796497.07	5.52561061499	11.3220245955
posterior_H1L1_1127259415.1-1117.hdf5	1127259415.1	7.21219780399	5.55200176098
posterior_H1L1_1128121760.76-982.hdf5	1128121760.76	6.55402742206	9.44817222544
posterior_H1L1_1127522744.5-1010.hdf5	1127522744.5	8.16983677968	7.07163277326
posterior_H1L1_1127389906.76-1043.hdf5	1127389906.76	5.98071792439	9.41730201406
posterior_H1L1_1128285690.76-1112.hdf5	1128285690.76	5.58946313049	8.58210796653
posterior_H1L1_1128872711.5-1012.hdf5	1128872711.5	6.06648497463	9.27802765276
posterior_H1L1_1128761243.95-1031.hdf5	1128761243.95	6.74277842545	6.45729901997
posterior_H1L1_1128481003.16-983.hdf5	1128481003.16	7.09677492278	9.25690507358
posterior_H1L1_1128670114.12-1099.hdf5	1128670114.12	8.44701042875	6.37345589049
posterior_H1L1_1127514977.75-952.hdf5	1127514977.75	6.49381161835	8.30758773954
posterior_H1L1_1128296359.92-1157.hdf5	1128296359.92	10.6194701926	5.92170698725
posterior_H1L1_1128399614.4-1182.hdf5	1128399614.4	7.16482224122	8.53848348296
posterior_H1L1_1126074827.15-992.hdf5	1126074827.15	6.38516803409	8.79549252912
posterior_H1L1_1128171518.69-950.hdf5	1128171518.69	9.44448301064	7.64618861435
posterior_H1L1_1127696899.77-1027.hdf5	1127696899.77	5.32956281462	9.57719930479
posterior_H1L1_1128658434.58-1196.hdf5	1128658434.58	7.00189470588	6.64578494647
posterior_H1L1_1128340483.07-1160.hdf5	1128340483.07	7.9002783318	6.92861664799
posterior_H1L1_1127385788.18-1083.hdf5	1127385788.18	7.74145981209	9.20531990316
posterior_H1L1_1128755290.98-1042.hdf5	1128755290.98	6.05785121198	9.2498689322
posterior_H1L1_1129074352.51-1183.hdf5	1129074352.51	6.90942844554	8.66528730525
posterior_H1L1_1127261423.39-1129.hdf5	1127261423.39	6.31238797106	9.08353257751
posterior_H1L1_1127253722.89-1220.hdf5	1127253722.89	8.90103229493	5.34742397825
posterior_H1L1_1128704866.36-961.hdf5	1128704866.36	8.31097433073	11.9307354919
posterior_H1L1_1128737615.34-1179.hdf5	1128737615.34	4.89058632297	6.57274336796
posterior_H1L1_1127785576.15-1194.hdf5	1127785576.15	6.63116939191	5.61297310095
posterior_H1L1_1127048190.05-1234.hdf5	1127048190.05	4.87071625565	4.30835637552
posterior_H1L1_1128134270.18-1156.hdf5	1128134270.18	3.3783328255	3.3161354319
posterior_H1L1_1127240358.58-1148.hdf5	1127240358.58	5.54914883224	9.1528019479
posterior_H1L1_1128914870.52-1008.hdf5	1128914870.52	6.37643538737	9.57592694698
posterior_H1L1_1127048512.1-1198.hdf5	1127048512.1	9.62631656655	6.40285093004
posterior_H1L1_1128755912.91-1028.hdf5	1128755912.91	7.95966499569	7.26144357332
posterior_H1L1_1127792310.34-963.hdf5	1127792310.34	8.62162936365	5.1791279479
posterior_H1L1_1127240257.64-1201.hdf5	1127240257.64	8.53481478778	6.56727403675
posterior_H1L1_1128294478.68-948.hdf5	1128294478.68	6.73808852719	6.16428437427
posterior_H1L1_1129074846.18-1041.hdf5	1129074846.18	6.46167554049	11.1849368244
posterior_H1L1_1129041370.3-991.hdf5	1129041370.3	7.48508402631	9.72241917318
posterior_H1L1_1127718903.33-1166.hdf5	1127718903.33	7.89813255086	8.89073923739
posterior_H1L1_1128171518.67-945.hdf5	1128171518.67	7.55540523117	7.58626455143
posterior_H1L1_1126627775.49-987.hdf5	1126627775.49	6.82760929284	7.89849026494
posterior_H1L1_1127407387.5-1015.hdf5	1127407387.5	7.44575887665	7.76017670245
posterior_H1L1_1129070227.86-1077.hdf5	1129070227.86	7.03604317579	8.79594905527
posterior_H1L1_1127564634.87-1021.hdf5	1127564634.87	7.03158156506	9.20772077274
posterior_H1L1_1128148413.1-1106.hdf5	1128148413.1	8.05555102957	6.68872946271
posterior_H1L1_1126991475.8-1070.hdf5	1126991475.8	7.01160504745	8.38894973674
posterior_H1L1_1127549669.97-1020.hdf5	1127549669.97	9.72686222188	6.12880471998
posterior_H1L1_1126559715.17-1000.hdf5	1126559715.17	7.97328694166	8.24484910789
posterior_H1L1_1128947771.55-1113.hdf5	1128947771.55	6.1022676353	7.94900095267
posterior_H1L1_1128495877.36-1085.hdf5	1128495877.36	8.20856804805	7.86397905118
posterior_H1L1_1128227171.02-1036.hdf5	1128227171.02	6.20335992445	5.52329268091
posterior_H1L1_1128415542.2-1226.hdf5	1128415542.2	5.17346617535	12.3598327168
posterior_H1L1_1128814670.87-1096.hdf5	1128814670.87	8.26392038565	8.27406973901
posterior_H1L1_1128761549.3-959.hdf5	1128761549.3	7.92870400998	8.25088126211
posterior_H1L1_1127611754.66-1098.hdf5	1127611754.66	7.09149485863	9.02622058148
posterior_H1L1_1126910878.97-1023.hdf5	1126910878.97	5.78615976201	9.11711893654
posterior_H1L1_1128636846.88-1047.hdf5	1128636846.88	8.31706569864	10.2261667949
posterior_H1L1_1127611737.76-1074.hdf5	1127611737.76	8.9275593124	5.26715940858
posterior_H1L1_1128657044.22-964.hdf5	1128657044.22	8.50032955981	6.44728384107
posterior_H1L1_1126655016.69-978.hdf5	1126655016.69	8.14048207	10.4697648405
posterior_H1L1_1128681523.31-1168.hdf5	1128681523.31	5.10342411432	11.0752254824
posterior_H1L1_1129077080.87-1217.hdf5	1129077080.87	6.67793073565	8.31999124045
posterior_H1L1_1127620092.28-981.hdf5	1127620092.28	5.79794817934	10.835990705
posterior_H1L1_1128338512.08-977.hdf5	1128338512.08	8.5073146537	9.33207776361
posterior_H1L1_1128761572.64-1038.hdf5	1128761572.64	9.86953498274	6.51463019289
posterior_H1L1_1128633103.76-1181.hdf5	1128633103.76	6.62304949618	11.2281203637
posterior_H1L1_1128943896.58-1190.hdf5	1128943896.58	7.68005373725	7.57997744334
posterior_H1L1_1127602479.45-1153.hdf5	1127602479.45	7.2500362166	8.0332755565
posterior_H1L1_1128657039.4-1019.hdf5	1128657039.4	8.71760460686	10.7612919954
posterior_H1L1_1127628436.96-989.hdf5	1127628436.96	8.99611721966	10.9420100459
posterior_H1L1_1128761549.31-949.hdf5	1128761549.31	8.31024958088	8.18012374827
posterior_H1L1_1127651778.66-1003.hdf5	1127651778.66	7.19627545623	11.4510093324
posterior_H1L1_1128673107.94-960.hdf5	1128673107.94	12.241638809	6.83192792348
posterior_H1L1_1126799969.7-1133.hdf5	1126799969.7	7.89019050685	9.05456927998
posterior_H1L1_1127253716.57-1138.hdf5	1127253716.57	10.7411678527	6.5853048062
posterior_H1L1_1127640626.8-954.hdf5	1127640626.8	7.10092356007	11.2510167656
posterior_H1L1_1128755861.57-1006.hdf5	1128755861.57	11.0304089256	9.29194632983
posterior_H1L1_1128494876.65-1191.hdf5	1128494876.65	5.4292533755	22.7210874591
posterior_H1L1_1128393840.67-1059.hdf5	1128393840.67	6.09686476906	25.2920006187
posterior_H1L1_1128483728.58-988.hdf5	1128483728.58	6.60296693233	10.5674568605
posterior_H1L1_1128755932.49-936.hdf5	1128755932.49	17.7622977621	6.90604678349
posterior_H1L1_1127270292.37-1240.hdf5	1127270292.37	7.86513650021	12.5049988945
posterior_H1L1_1128485640.4-1124.hdf5	1128485640.4	5.52681643199	15.3670728993
posterior_H1L1_1128403798.24-1216.hdf5	1128403798.24	6.23452375005	18.4952196568
posterior_H1L1_1128349728.33-947.hdf5	1128349728.33	37.3861200067	4.77469897972
posterior_H1L1_1128240966.51-975.hdf5	1128240966.51	6.36098068798	15.640790165
posterior_H1L1_1128426411.13-1119.hdf5	1128426411.13	5.84789457622	15.1901297754
posterior_H1L1_1128455276.27-1136.hdf5	1128455276.27	7.53629495317	15.3182223223
posterior_H1L1_1128454185.2-1189.hdf5	1128454185.2	4.80393331028	41.6649182464
posterior_H1L1_1128443202.05-997.hdf5	1128443202.05	6.68519125359	20.906396083
posterior_H1L1_1128488513.47-1195.hdf5	1128488513.47	7.34308577695	20.1417978562
posterior_H1L1_1128494673.06-1193.hdf5	1128494673.06	4.83589145363	36.0537437513
posterior_H1L1_1128446724.75-1048.hdf5	1128446724.75	5.30534155538	33.8546303117
