GPStime 	 Hincoh8
1127033331.87	5.94078834455
1127100483.06	5.63400433318
1127202366.25	6.15842171185
1129069137.67	5.79181816565
1126910950.71	5.60919892133
1128627448.9	6.45741393733
1126409035.17	4.47876639028
1126627903.68	5.02333438541
1129047221.4	6.12655115974
1128415542.2	6.10527394425
1127270292.37	6.85157084418
1129082162.57	6.60803321707
1128285690.76	6.11894139179
1128737615.34	6.43993338339
1128666220.78	7.0495107483
1126759600.57	5.73523554018
1128681523.31	6.0453136706
1128134270.18	5.7551201794
1127555078.79	5.42805122355
1127787846.61	4.94570517342
1126910878.97	5.62348923849
1127433122.83	5.62978277628
1128168660.77	5.54688420855
1129333578.26	7.38139618537
1128483728.58	5.86619341784
1128218515.88	6.52703001179
1128494673.06	5.99361342043
1128503871.17	5.18109457321
1127240358.58	5.57295660449
1127460422.0	6.02074110984
1126574261.37	5.88047138836
1128814949.48	6.42262341795
1127044136.03	5.8378445698
1127181965.06	5.76905126409
1127239888.6	6.73230058184
1128933299.79	5.43680091059
1127203274.53	7.27885623458
1126804166.44	6.17843944328
1126652504.18	6.0713009088
1127999992.18	5.93538796059
1127048190.05	5.58198146526
1127261423.39	6.89540782132
1128995282.66	6.20349934126
1128118929.13	6.56263332799
1127563066.44	7.09745657544
1127407387.5	7.97103310036
1128703355.55	6.9315132442
1127004140.55	6.96690243933
1128223407.57	6.67338234081
1129117794.69	6.85883298305
1128129991.22	6.12984307508
1127107012.92	5.56345857838
1127187088.53	7.96322825871
1127695197.67	9.79791036387
1127385788.18	8.13767531281
1129043244.3	7.74051986004
1128230000.75	7.34168409781
1126990301.7	6.85662501456
1128340483.07	8.73709043829
1127239362.6	7.0198641762
1127197078.86	5.52043860418
1127048545.6	8.01006419699
1127045881.25	7.8131907934
1127434694.13	8.49114336743
1127738037.11	6.43672391579
1128815977.86	7.40072083585
1128943896.58	7.98240386199
1127563746.2	7.8778730677
1127611737.76	8.91433257668
1128256099.44	10.5981931495
1127522744.5	7.82619822282
1128814670.87	9.04965576505
1127647114.66	6.9656088303
1128123332.63	7.88622745091
1127737863.12	8.13489717692
1127621496.93	8.42345340624
1128296359.92	11.0392085051
1127795327.13	8.01213426066
1128814300.66	6.56527803205
1127259415.1	8.03637576463
1128656310.42	7.87338366406
1126990892.29	7.35747256001
1126988387.91	7.24694019065
1128294478.68	7.48789938008
1127370820.53	7.88037958499
1127434682.83	7.34810634821
1128761443.57	8.11870092456
1127613214.24	7.3428975907
1128171518.67	8.98765287447
1128704866.36	9.54016996046
1128443202.05	7.53932451536
1128171518.68	9.33007097439
1126999148.36	7.89542646193
1128344078.81	7.75340895136
1128338512.08	8.52609612213
1128171518.69	8.96409608278
1127611754.66	6.85683616289
1127220379.28	8.67550826147
1126801225.46	6.80046637948
1127718903.33	7.70676631683
1126659549.62	5.93491759526
1127107012.93	6.65345727755
1127734024.76	7.03882980548
1128910873.35	6.91733794633
1128051935.27	6.73336072744
1128947771.55	7.46893927176
1127259176.72	6.63367432017
1128446724.75	6.30538830788
1128134491.19	8.53722838362
1126655016.69	6.76677703518
1128240966.51	6.95487181678
1128121760.76	6.13185366121
1128044942.34	8.15564829026
1128057894.95	6.7708623043
1128457175.84	7.01389878261
1127523212.58	7.31309315279
1127370445.59	6.29056913338
1127365568.72	7.21652441385
1126559715.17	8.49941988859
1127536358.64	7.00269800825
1129067990.67	7.10849251556
1127514561.97	7.95903056852
1129074846.18	6.87870070015
1127620092.28	5.95932757467
1127205341.67	8.18655726906
1128168603.81	7.24746583992
1127405363.34	7.45274604741
1127625972.1	7.17997045743
1128430997.75	6.29126402765
1128755290.98	5.89744719324
1127002734.67	8.15579260284
1128640338.16	7.22075379915
1128494876.65	7.25865996477
1127613184.2	7.53828059629
1126109425.59	6.84761210011
1128657039.4	10.0098409038
1127183208.07	8.36573354636
1128740991.91	6.14279910329
1127990409.96	7.71118281244
1128706461.38	7.79942323267
1126626280.25	6.57905897834
1128419868.36	9.18660356999
1128657636.54	8.00825717002
1127072188.19	6.48979562838
1128932085.61	6.0270957196
1128624004.9	7.40923342502
1127783006.16	4.66638370352
1128656678.41	7.96115852147
1127651778.66	7.62242938594
1127036380.99	7.08441065563
1128273386.61	7.72848999878
1127394653.64	5.21608669049
1128116556.94	8.57028094341
1127010131.28	5.35991359008
1128044136.39	7.17699767169
1126257549.25	7.55813301001
1128663652.48	8.5358863767
1128657044.22	8.8433079979
1126991475.8	8.24196784635
1128171263.66	7.53215970735
1127458533.8	8.04569190372
1128673113.87	10.1144699692
1127628436.96	7.92634692189
1127253722.89	9.12122379277
1127253723.87	9.11445024141
1127376114.99	9.45761812266
1128670114.12	10.6708337313
1128693014.48	9.59365041003
1129041370.3	9.15326176397
1128148413.1	8.10927419272
1128658434.58	7.9399812089
1127792310.34	9.26179860029
1127608000.89	10.3303117628
1127169666.27	8.71596428943
1127699470.58	8.96835934216
1128761549.3	9.14826706828
1128761549.31	8.73155946886
1127253716.57	11.4865022136
1127048512.1	10.6613171151
1128673107.94	11.1111225127
1128488513.47	9.24375280459
1128755912.91	9.45099797955
1128481003.16	5.87888170504
1128636846.88	7.22241603113
1127627590.64	7.22831576831
1128050418.25	6.87012637914
1128761243.95	6.40542554367
1127406380.06	7.2105477459
1126955590.62	6.45883074864
1126796497.07	5.85113871624
1127696899.77	5.64439288978
1127651908.96	8.55225180364
1127514516.08	7.49057018764
1128758349.11	6.22068722835
1127602479.45	4.51362197206
1126403558.96	6.32752381389
1127733689.3	6.77811855732
1127564634.87	6.11487592557
1127477587.89	6.48896735191
1128954745.38	7.84504653753
1129249120.03	6.1880234296
1127549669.97	9.96990628237
1127254296.83	7.02156760638
1127038542.12	6.11211937861
1127009244.39	7.38887208028
1128821272.83	6.73977656983
1128761563.27	6.85597375523
1127789138.97	5.59260339471
1128656675.0	9.80620554958
1127240257.64	10.7232736352
1128495877.36	10.2034451889
1128455276.27	8.85760288254
1127482452.16	7.60873845713
1128761572.64	10.3405057235
1127211582.81	7.15111934313
1126074827.15	6.39635466569
1128916526.36	7.41923188828
1127711242.79	8.28289239767
1126562421.57	6.33211807201
1126690215.06	6.32059715983
1129077080.87	6.5040698158
1128688216.65	6.41970277558
1128430632.89	7.0860316862
1127433034.29	7.37649940638
1127785576.15	7.57626254367
1126768359.74	6.67726612889
1127690546.59	7.62450624299
1128273239.03	7.29110268969
1128169326.19	6.47669939668
1127512704.75	7.20788406136
1128392318.28	7.04153017324
1127699133.26	6.05045825235
1128479412.37	7.68323409117
1128227171.02	6.0615585979
1128652618.37	6.56244839466
1129347653.96	6.58290461493
1128403798.24	6.60058481432
1127262287.96	5.09151874857
1128914870.52	6.77950602434
1128692057.64	7.60853049947
1126568900.3	6.7570695433
1127038372.77	5.45890537604
1126660463.48	7.10867732251
1127215863.8	6.80995859906
1127514977.75	6.3989131189
1128682542.16	7.63400028918
1127652973.03	5.7736221186
1126811046.44	5.82934291071
1129040988.14	5.26506467625
1128998665.83	6.99107491083
1127666650.08	5.87070161284
1129070227.86	7.50903909109
1127640626.8	5.94609361265
1126770128.88	7.27337622729
1128934599.22	7.16434183943
1126326860.84	7.09763967012
1129348517.16	6.18345193675
1128485640.4	6.46661300895
1127050603.11	5.65604242993
1126848578.76	7.43004244511
1128757091.07	5.73867093163
1128454185.2	5.56825456502
1126799969.7	6.44540256912
1128761463.65	6.56782451553
1128426411.13	6.24677647773
1126742304.84	5.87640111518
1126759521.57	5.54156592994
1129080224.54	5.8437961387
1127708824.65	7.27944895394
1128630031.13	7.16762668414
1129074352.51	7.22448905059
1128989188.46	5.71833843069
1128250977.33	6.3470809637
1128872711.5	6.15019773622
1126672284.98	5.55843483795
1126571737.05	5.26586487071
1128250583.68	6.42476768919
1128633103.76	6.67893317359
1128248527.11	6.53179689651
1126566977.35	6.35082491144
1128762891.24	5.45170700054
1127193911.72	5.9397156304
1126644888.8	6.94815498391
1128229543.99	5.51470830753
1128755861.57	12.9158916653
1127188687.82	5.73741068264
1128991246.34	6.17934421814
1127620166.41	6.19491347525
1129251773.02	6.50176687752
1127619322.13	5.29052863892
1128343287.36	6.43798796223
1128399614.4	6.41683924358
1127061470.99	6.15150934223
1127707470.88	5.91704074424
1128393840.67	5.8889054605
1128128183.41	6.86014681893
1127239497.14	7.53124816236
1128752538.75	5.76759164717
1127557023.8	6.67473977849
1129105774.02	6.73508597618
1128658598.19	5.86151938789
1127389906.76	6.22612186255
1126627775.49	8.00541100725
1128950294.18	5.76814448985
1128755932.47	17.9263716688
1128755932.49	19.2409517227
1128349728.33	37.831053569
