mass1 	 log posteriorMass1 	 mass2 	 log posteriorMass2
20.0	0.0	20.0	7.29636413712e-19
20.1	7.36234347828e-144	20.1	4.41328745342e-08
20.2	6.07253279869e-152	20.2	6.59492442143e-07
20.3	7.8066725045e-145	20.3	1.92688662339e-08
20.4	1.30580793717e-133	20.4	1.05740282314e-18
20.5	1.26581292824e-139	20.5	3.89829730881e-24
20.6	4.95775941197e-140	20.6	3.15773429355e-28
20.7	7.91757848557e-141	20.7	2.66311146666e-30
20.8	8.75978314909e-134	20.8	1.67990437409e-32
20.9	2.43054973876e-106	20.9	4.06079579169e-35
21.0	3.2895321512e-147	21.0	1.13217853688e-37
21.1	1.31196880976e-121	21.1	2.51116018708e-06
21.2	6.6050887917e-141	21.2	4.71466587317e-31
21.3	5.25199122956e-145	21.3	1.39898551341e-46
21.4	6.38600842243e-145	21.4	3.64055696711e-16
21.5	8.17688513913e-139	21.5	3.01477288877e-10
21.6	1.21683296768e-136	21.6	6.05253037116e-15
21.7	8.47635758229e-112	21.7	3.26517170594e-21
21.8	6.89774732567e-136	21.8	7.59265683632e-62
21.9	4.39266214994e-96	21.9	1.94647774674e-63
22.0	1.53084482169e-126	22.0	1.23626516754e-41
22.1	2.35648988399e-148	22.1	6.94178724154e-45
22.2	5.87996616629e-142	22.2	2.58043786381e-59
22.3	8.15683722045e-85	22.3	2.54461959798e-53
22.4	7.59062616591e-97	22.4	5.39750294518e-68
22.5	4.30351535317e-93	22.5	2.62760764081e-44
22.6	5.215469257e-100	22.6	1.52260871395e-44
22.7	1.61010623627e-112	22.7	7.92880179337e-55
22.8	7.66371828372e-107	22.8	1.50462429863e-66
22.9	4.18497243458e-148	22.9	1.2431308933e-26
23.0	3.86492156783e-150	23.0	1.87174164468e-23
23.1	2.87421048235e-136	23.1	1.06938913461e-51
23.2	6.84981310584e-115	23.2	5.5029670695e-61
23.3	2.43772824846e-115	23.3	9.32312851419e-63
23.4	1.60043815404e-99	23.4	2.02999598746e-50
23.5	7.11484686148e-143	23.5	9.77465965758e-41
23.6	1.92330122076e-92	23.6	1.72821428213e-47
23.7	1.27365156612e-125	23.7	4.42690060729e-35
23.8	4.93790501925e-95	23.8	1.54126744428e-25
23.9	2.12684681995e-140	23.9	1.2904182733e-53
24.0	3.51549832763e-144	24.0	1.65277981435e-34
24.1	1.993509628e-122	24.1	3.67779729132e-47
24.2	8.286654695e-124	24.2	1.03616278263e-48
24.3	1.02243149978e-142	24.3	9.59388493826e-40
24.4	1.60046978959e-93	24.4	1.63501776573e-31
24.5	1.91518639952e-106	24.5	3.0885275329e-24
24.6	1.33904363092e-145	24.6	1.21067321128e-22
24.7	5.17078597911e-110	24.7	4.08970858044e-41
24.8	1.3156564845e-97	24.8	1.773881887e-27
24.9	6.34694347429e-103	24.9	3.75424442216e-34
25.0	2.27885625175e-151	25.0	4.72231364477e-19
25.1	1.90911112264e-100	25.1	1.70000613902e-35
25.2	2.58088414581e-103	25.2	3.91817244658e-34
25.3	3.24382546424e-138	25.3	1.42401473797e-32
25.4	4.97874738716e-109	25.4	3.39071141676e-17
25.5	2.51362128108e-90	25.5	2.88952291831e-16
25.6	2.84888634435e-113	25.6	7.22449283529e-28
25.7	6.94702071757e-102	25.7	8.57163965235e-27
25.8	1.68641441276e-111	25.8	5.2827262879e-26
25.9	5.53331380042e-122	25.9	1.68055036218e-24
26.0	1.15725843207e-142	26.0	3.93059557926e-23
26.1	3.11251712689e-103	26.1	3.46736982923e-14
26.2	1.16734682262e-119	26.2	6.73378561273e-14
26.3	9.89606432543e-147	26.3	1.54190139254e-09
26.4	1.19635966511e-109	26.4	3.50282693259e-18
26.5	1.20662043203e-79	26.5	7.56003963641e-19
26.6	2.90280550708e-144	26.6	5.20811868725e-16
26.7	2.30106772199e-127	26.7	1.13939565958e-14
26.8	1.23227994175e-135	26.8	1.26021553232e-08
26.9	2.78162781281e-106	26.9	1.06341406476e-12
27.0	6.87192372526e-86	27.0	1.19178238601e-11
27.1	2.97012123445e-102	27.1	6.61889768648e-11
27.2	3.22474546266e-114	27.2	4.5669514014e-10
27.3	6.58301434395e-92	27.3	4.53497241493e-09
27.4	8.40541284341e-97	27.4	1.83274632926e-07
27.5	3.95587680693e-135	27.5	9.45675159312e-08
27.6	6.90266920104e-142	27.6	3.95801774282e-08
27.7	1.17547238283e-128	27.7	2.16425841893e-06
27.8	1.77743587972e-144	27.8	1.2207035705e-05
27.9	1.13985923288e-133	27.9	0.0131571781709
28.0	2.30860113684e-120	28.0	9.16348714217e-05
28.1	6.37188266103e-103	28.1	0.000326062875138
28.2	1.31352503421e-100	28.2	0.000901179850703
28.3	3.58357049901e-114	28.3	0.00236914787959
28.4	3.83235331332e-130	28.4	0.00131469918734
28.5	6.59075725687e-82	28.5	0.0098526540913
28.6	4.03934321413e-86	28.6	0.0146471479487
28.7	4.28319979431e-84	28.7	0.0291626234741
28.8	7.29637894967e-95	28.8	0.0283386537712
28.9	1.18897413056e-140	28.9	0.0312694993965
29.0	6.620743482e-145	29.0	0.0494262718692
29.1	7.62534636819e-99	29.1	0.0714500025713
29.2	3.17423022078e-100	29.2	0.0604471359517
29.3	3.99773070933e-105	29.3	0.124556045625
29.4	8.70803958071e-123	29.4	0.0327420649822
29.5	3.34184506187e-125	29.5	0.0995569995562
29.6	1.67767616461e-122	29.6	0.11729145279
29.7	3.89193328522e-128	29.7	0.0584035847606
29.8	2.36538888107e-104	29.8	0.0672102882714
29.9	9.80065409837e-114	29.9	0.0662720238285
30.0	6.30634107237e-94	30.0	0.0277637568713
30.1	2.93246768258e-124	30.1	0.0192030816603
30.2	1.33514519964e-105	30.2	0.0129570186245
30.3	3.45122907346e-101	30.3	0.0184938945146
30.4	4.5725412828e-130	30.4	0.0113292526956
30.5	4.73214601495e-133	30.5	0.00943702583714
30.6	5.18512015593e-124	30.6	0.00596139221318
30.7	3.97145641569e-116	30.7	0.00537017458845
30.8	3.68264351539e-118	30.8	0.000403921950549
30.9	2.15042583929e-102	30.9	0.00391233185216
31.0	1.92145673812e-115	31.0	0.00332275510737
31.1	3.11727450933e-88	31.1	0.000843804004305
31.2	7.6995427817e-110	31.2	0.00081514130991
31.3	6.89445668291e-104	31.3	0.000371869254557
31.4	9.4442026272e-100	31.4	0.000357103715498
31.5	2.62863160757e-91	31.5	0.000189293552685
31.6	9.48063630407e-85	31.6	8.84594292272e-05
31.7	8.48235952138e-88	31.7	9.91923114756e-05
31.8	2.4229347829e-71	31.8	7.55947114715e-05
31.9	6.10915003188e-68	31.9	3.24173814774e-05
32.0	1.58509120574e-64	32.0	3.68573072085e-05
32.1	2.8129636377e-51	32.1	3.46063333379e-05
32.2	1.90181898982e-54	32.2	1.99152655648e-05
32.3	1.04886404921e-41	32.3	1.0961506049e-05
32.4	7.05185304513e-26	32.4	1.80101013125e-06
32.5	3.20394510755e-30	32.5	3.298490336e-06
32.6	9.79012744952e-23	32.6	1.37786450915e-06
32.7	1.06242320073e-24	32.7	3.64761876887e-06
32.8	5.37881373659e-15	32.8	4.09991196816e-05
32.9	4.34207228289e-12	32.9	2.89916515101e-06
33.0	8.36666961249e-10	33.0	7.99821170705e-06
33.1	8.1977656772e-11	33.1	1.31101515233e-06
33.2	3.76801625279e-05	33.2	9.91682371245e-07
33.3	2.28623110012e-06	33.3	1.06423837281e-06
33.4	9.13199219017e-07	33.4	4.55526132987e-07
33.5	3.57187521875e-06	33.5	4.00441184933e-08
33.6	4.06540573731e-06	33.6	4.34747752671e-12
33.7	5.17053499473e-06	33.7	5.09371184327e-13
33.8	2.42201787463e-06	33.8	5.1388858626e-13
33.9	3.48319661971e-06	33.9	1.67322608458e-17
34.0	6.43467480141e-06	34.0	8.43346254211e-23
34.1	3.00139050907e-05	34.1	1.9561648783e-25
34.2	1.23997971039e-05	34.2	2.03611692559e-24
34.3	2.45529515251e-05	34.3	3.38724796279e-27
34.4	3.7073353092e-05	34.4	8.85060637832e-32
34.5	2.61652191614e-05	34.5	6.31089791514e-35
34.6	5.55745938361e-05	34.6	6.33592997168e-35
34.7	0.00012151134411	34.7	2.30215080787e-38
34.8	0.00012141081276	34.8	9.37729369645e-42
34.9	0.00039810295485	34.9	6.69190154811e-49
35.0	0.000478071274376	35.0	1.03619458045e-50
35.1	0.00371316235803	35.1	2.07338776285e-54
35.2	0.00449055342551	35.2	3.71831245338e-58
35.3	0.000637175808196	35.3	6.26929336488e-62
35.4	0.00320952349281	35.4	8.34768039221e-64
35.5	0.00606989854053	35.5	1.37105309054e-67
35.6	0.0142175630018	35.6	2.76727689507e-73
35.7	0.0277204054319	35.7	1.60536503569e-75
35.8	0.0223098891655	35.8	1.81788756302e-76
35.9	0.0481106422802	35.9	1.15510784002e-75
36.0	0.0581700523441	36.0	1.68452746144e-86
36.1	0.141773605068	36.1	2.89326613728e-90
36.2	0.133437268489	36.2	1.39589968384e-97
36.3	0.141079036695	36.3	1.31456325877e-99
36.4	0.0961242032417	36.4	1.06227506101e-86
36.5	0.139178841144	36.5	4.86461160094e-105
36.6	0.0431027212521	36.6	2.69409418789e-101
36.7	0.0579253879244	36.7	6.32824504668e-114
36.8	0.0297342924266	36.8	4.09889118141e-115
36.9	0.00869929976664	36.9	4.59872310533e-118
37.0	0.00381260744034	37.0	3.89385314084e-107
37.1	0.00159856739615	37.1	3.29880879485e-105
37.2	0.000312586707235	37.2	1.68842120737e-129
37.3	5.99577429103e-05	37.3	1.29072987779e-116
37.4	0.0131380646737	37.4	1.78025503528e-131
37.5	3.3125653038e-07	37.5	2.9714790174e-119
37.6	4.68982384527e-08	37.6	7.74399519186e-121
37.7	1.14507024157e-09	37.7	6.5357706991e-147
37.8	9.16987292403e-10	37.8	5.3385408905e-134
37.9	1.32521569559e-08	37.9	3.54871780396e-132
38.0	1.61931387014e-07	38.0	2.43377887938e-149
38.1	8.05036261206e-17	38.1	2.3423077881e-150
38.2	2.15962974721e-19	38.2	3.51303970668e-135
38.3	1.10904235544e-19	38.3	4.39366706638e-168
38.4	5.13980990773e-24	38.4	2.19893965389e-125
38.5	5.5572242203e-17	38.5	2.18503184901e-168
38.6	1.57735007802e-17	38.6	2.31667142476e-143
38.7	3.46736974478e-14	38.7	1.0291771991e-180
38.8	6.35680375957e-37	38.8	2.19743825667e-159
38.9	6.72286038472e-21	38.9	4.15782876018e-162
39.0	3.33753159165e-44	39.0	1.61234094064e-164
39.1	1.6536544687e-34	39.1	3.64538482518e-172
39.2	5.53236552765e-18	39.2	3.33345936586e-167
39.3	9.7746575234e-41	39.3	3.31445094832e-97
39.4	3.7342692221e-21	39.4	1.30749391312e-150
39.5	4.72234449968e-19	39.5	1.10853161891e-112
39.6	8.00317039944e-29	39.6	7.37265761394e-135
39.7	1.21011436452e-22	39.7	8.90842830528e-109
39.8	7.05859894558e-44	39.8	2.75952540943e-148
39.9	1.80768722014e-35	39.9	5.03334960396e-152
40.0	9.76167941902e-87	40.0	2.49952687451e-192
40.1	8.31896607741e-31	40.1	1.06270935022e-170
40.2	4.42689878157e-35	40.2	1.6121805661e-129
40.3	1.62236603805e-64	40.3	4.76056121969e-170
40.4	6.66886489175e-54	40.4	1.70193380489e-210
40.5	1.58710911033e-63	40.5	3.7935618462e-204
40.6	5.16750675265e-56	40.6	1.69768204144e-194
40.7	1.72304464614e-47	40.7	4.00118311217e-187
40.8	2.70490322164e-87	40.8	4.1655841428e-227
40.9	6.63771019825e-109	40.9	4.21029832614e-175
41.0	3.85251152234e-98	41.0	3.81996056162e-199
41.1	1.18555076479e-80	41.1	3.2115562484e-167
41.2	3.42062716266e-62	41.2	8.52775818692e-99
41.3	2.16250385561e-115	41.3	9.55709543794e-151
41.4	1.78584738131e-107	41.4	2.69608944516e-116
41.5	2.0352519102e-91	41.5	1.26072539704e-157
41.6	1.46741750021e-77	41.6	2.68479681227e-153
41.7	2.84942043717e-82	41.7	2.36929062567e-159
41.8	1.10336268226e-92	41.8	2.7608858335e-208
41.9	1.64431431065e-112	41.9	4.45653612765e-206
42.0	3.22468896991e-130	42.0	1.11658694088e-188
42.1	8.85768572643e-104	42.1	1.32165018482e-191
42.2	1.50868471287e-125	42.2	1.29469320912e-166
42.3	2.23397353218e-125	42.3	1.63376909445e-125
42.4	1.33144870474e-125	42.4	1.17250044033e-212
42.5	3.24201931791e-132	42.5	7.29708051464e-237
42.6	3.18746708989e-110	42.6	1.37668336003e-204
42.7	1.28863870337e-142	42.7	2.2241562742e-118
42.8	1.79663749842e-116	42.8	2.31844265294e-100
42.9	8.63084376538e-116	42.9	1.21932917199e-183
43.0	2.36998228926e-150	43.0	2.49816009247e-128
43.1	2.73047130221e-140	43.1	1.78888673383e-139
43.2	5.85789060142e-146	43.2	5.73757229929e-218
43.3	2.60718134057e-141	43.3	3.54335880662e-135
43.4	7.9889828909e-151	43.4	6.27073611755e-247
43.5	1.57666979831e-137	43.5	2.69036313331e-125
43.6	7.04553288886e-112	43.6	9.25233844171e-232
43.7	2.25596139697e-135	43.7	1.76258612227e-234
43.8	7.34715164776e-153	43.8	3.69405111205e-137
43.9	2.33234603815e-120	43.9	2.15228705993e-100
44.0	3.54335880663e-135	44.0	3.11724627272e-246
44.1	1.7058883546e-125	44.1	1.10782022739e-130
44.2	5.73909258564e-167	44.2	1.55335178508e-242
44.3	5.646570486e-145	44.3	1.65843253318e-221
44.4	1.73817330358e-146	44.4	3.35106355357e-106
44.5	3.81533760216e-129	44.5	8.41164185441e-212
44.6	1.45554592389e-155	44.6	2.27285918522e-160
44.7	2.02242863899e-126	44.7	4.16986022478e-117
44.8	1.67953657843e-122	44.8	8.60636911941e-114
44.9	1.23965252251e-101	44.9	1.74466235744e-112
45.0	3.11236585673e-159	45.0	5.83261576696e-243
45.1	1.56436728791e-108	45.1	1.77476288665e-243
45.2	1.13108773541e-120	45.2	1.21753995568e-99
45.3	2.39318663951e-123	45.3	2.14915596703e-150
45.4	3.31506727299e-93	45.4	2.10445250386e-107
45.5	4.78965368874e-101	45.5	4.24207915873e-230
45.6	1.22840817258e-110	45.6	1.89731869458e-205
45.7	2.7408697732e-72	45.7	5.25711794945e-225
45.8	2.9816816829e-142	45.8	1.89983460267e-247
45.9	1.4894260466e-55	45.9	1.80812234477e-243
46.0	3.35322798092e-106	46.0	6.2168125638e-109
46.1	1.14097897321e-38	46.1	9.19351004461e-213
46.2	1.55023365717e-115	46.2	1.46672098286e-134
46.3	9.79916747208e-114	46.3	4.62352269281e-252
46.4	3.20868717187e-75	46.4	5.30454954213e-253
46.5	1.14509183313e-72	46.5	1.48646104878e-170
46.6	6.40526665079e-106	46.6	7.60225731924e-105
46.7	2.33536011001e-62	46.7	2.34929753353e-101
46.8	1.25700579929e-36	46.8	1.0676515451e-258
46.9	8.35583885902e-41	46.9	5.90984912748e-139
47.0	1.23626516754e-41	47.0	1.69424111729e-243
47.1	2.12656240353e-61	47.1	5.11245556723e-250
47.2	1.82572223738e-41	47.2	1.81430340448e-238
47.3	8.76008832672e-51	47.3	1.48293520857e-216
47.4	5.58763665167e-46	47.4	1.47031089911e-251
47.5	6.05253037116e-15	47.5	7.18375583199e-108
47.6	7.34661875459e-16	47.6	9.64258446784e-262
47.7	3.64055696711e-16	47.7	4.60210734213e-201
47.8	1.92688662339e-08	47.8	7.21919827014e-222
47.9	7.03617301819e-07	47.9	1.76308272442e-256
48.0	1.65984508516e-21	48.0	3.73117372016e-267
48.1	8.01412341022e-12	48.1	1.6051811483e-248
48.2	1.05574065074e-18	48.2	3.282783962e-244
48.3	5.45522907129e-20	48.3	4.63287984005e-156
48.4	2.89184634989e-19	48.4	1.39270262164e-242
48.5	2.51116018708e-06	48.5	3.32010998022e-276
48.6	3.26937924329e-19	48.6	2.3801502016e-261
48.7	9.54828116694e-20	48.7	1.77009544108e-258
48.8	3.01477288878e-10	48.8	1.27827272882e-248
48.9	3.93116444305e-26	48.9	1.73921621573e-260
49.0	7.51576845353e-24	49.0	1.23556961877e-289
49.1	6.22587266969e-25	49.1	1.36054610455e-278
49.2	1.08096240198e-26	49.2	1.65844812009e-277
49.3	3.26517172096e-21	49.3	1.19374797249e-291
49.4	1.7396913192e-31	49.4	8.6846535321e-288
49.5	1.87174164495e-23	49.5	0.0
49.6	3.41109610839e-36	49.6	3.93944791217e-286
49.7	1.49703486237e-38	49.7	0.0
49.8	1.64236862934e-41	49.8	0.0
49.9	4.38776306792e-44	49.9	0.0
