log Posterior Distribution 	 m1 	 m2
1950806.65073	21.0	20.0
1950694.15106	22.0	20.0
1950659.58766	22.0	21.0
1950652.7904	23.0	20.0
1950624.69534	23.0	21.0
1950612.07539	23.0	22.0
1950684.69477	24.0	20.0
1950610.85774	24.0	21.0
1950695.66831	24.0	22.0
1950608.90719	24.0	23.0
1950612.15665	25.0	20.0
1950607.00163	25.0	21.0
1950611.44047	25.0	22.0
1950700.49641	25.0	23.0
1950590.74837	25.0	24.0
1950617.08347	26.0	20.0
1950619.8799	26.0	21.0
1950698.30154	26.0	22.0
1950836.66264	26.0	23.0
1950584.50975	26.0	24.0
1950618.60946	26.0	25.0
1950642.36412	27.0	20.0
1950617.49404	27.0	21.0
1950693.38198	27.0	22.0
1950680.70332	27.0	23.0
1950625.44239	27.0	24.0
1950613.55912	27.0	25.0
1950581.60596	27.0	26.0
1950651.19203	28.0	20.0
1950638.64581	28.0	21.0
1950730.42713	28.0	22.0
1950640.98795	28.0	23.0
1950690.53066	28.0	24.0
1950676.46283	28.0	25.0
1950499.01167	28.0	26.0
1950612.06551	28.0	27.0
1950683.65195	29.0	20.0
1950680.19015	29.0	21.0
1950674.06704	29.0	22.0
1950645.03262	29.0	23.0
1950654.40967	29.0	24.0
1950688.44604	29.0	25.0
1950679.69966	29.0	26.0
1950586.7559	29.0	27.0
1950614.5195	29.0	28.0
1950733.35186	30.0	20.0
1950693.41028	30.0	21.0
1950678.45768	30.0	22.0
1950635.57546	30.0	23.0
1950616.46525	30.0	24.0
1950607.19369	30.0	25.0
1950608.41113	30.0	26.0
1950630.08964	30.0	27.0
1950648.21676	30.0	28.0
1950667.37703	30.0	29.0
1950669.77167	31.0	20.0
1950724.55216	31.0	21.0
1950679.12869	31.0	22.0
1950657.05405	31.0	23.0
1950648.47246	31.0	24.0
1950645.67862	31.0	25.0
1950644.9765	31.0	26.0
1950673.38229	31.0	27.0
1950678.68635	31.0	28.0
1950696.40819	31.0	29.0
1950631.61207	31.0	30.0
1950695.80804	32.0	20.0
1950759.45523	32.0	21.0
1950747.07117	32.0	22.0
1950615.10904	32.0	23.0
1950699.6248	32.0	24.0
1950709.59813	32.0	25.0
1950713.93824	32.0	26.0
1950719.68656	32.0	27.0
1950722.48399	32.0	28.0
1950631.28377	32.0	29.0
1950619.98066	32.0	30.0
1950857.28248	32.0	31.0
1950783.90361	33.0	20.0
1950777.32711	33.0	21.0
1950669.65522	33.0	22.0
1950766.16505	33.0	23.0
1950640.52091	33.0	24.0
1950769.24937	33.0	25.0
1950760.54038	33.0	26.0
1950764.27287	33.0	27.0
1950587.40293	33.0	28.0
1950820.57427	33.0	29.0
1950873.65056	33.0	30.0
1950939.3016	33.0	31.0
1951001.50396	33.0	32.0
1950820.5759	34.0	20.0
1950833.57285	34.0	21.0
1950831.48041	34.0	22.0
1950836.39638	34.0	23.0
1950831.34651	34.0	24.0
1950818.01975	34.0	25.0
1950817.27773	34.0	26.0
1950831.4674	34.0	27.0
1950860.51552	34.0	28.0
1950904.01503	34.0	29.0
1950967.72327	34.0	30.0
1951011.25301	34.0	31.0
1951040.14247	34.0	32.0
1951040.40029	34.0	33.0
1950853.16944	35.0	20.0
1950869.32197	35.0	21.0
1950883.18701	35.0	22.0
1950883.69466	35.0	23.0
1950872.21627	35.0	24.0
1950871.52468	35.0	25.0
1950883.65237	35.0	26.0
1950907.31505	35.0	27.0
1950635.78295	35.0	28.0
1950604.44009	35.0	29.0
1951027.40258	35.0	30.0
1951046.8898	35.0	31.0
1951041.24769	35.0	32.0
1951019.02182	35.0	33.0
1950777.3948	35.0	34.0
1950842.35285	36.0	20.0
1950879.41132	36.0	21.0
1950898.50749	36.0	22.0
1950899.81134	36.0	23.0
1950908.66319	36.0	24.0
1950632.27222	36.0	25.0
1950948.34062	36.0	26.0
1950622.47684	36.0	27.0
1951012.88619	36.0	28.0
1951042.79992	36.0	29.0
1950527.26918	36.0	30.0
1951039.3332	36.0	31.0
1951013.41359	36.0	32.0
1950982.16776	36.0	33.0
1950945.56886	36.0	34.0
1950903.76587	36.0	35.0
1950791.65583	37.0	20.0
1950843.61765	37.0	21.0
1950654.09436	37.0	22.0
1950902.44717	37.0	23.0
1950934.23576	37.0	24.0
1950964.06675	37.0	25.0
1950994.07963	37.0	26.0
1951024.04911	37.0	27.0
1951045.90057	37.0	28.0
1950610.81712	37.0	29.0
1951028.19827	37.0	30.0
1950998.96602	37.0	31.0
1950966.75487	37.0	32.0
1950711.35836	37.0	33.0
1950895.71376	37.0	34.0
1950857.82917	37.0	35.0
1950743.82379	37.0	36.0
1950628.77325	38.0	20.0
1950764.7765	38.0	21.0
1950826.07112	38.0	22.0
1950883.3331	38.0	23.0
1950667.5083	38.0	24.0
1950968.80076	38.0	25.0
1951001.24663	38.0	26.0
1951020.88757	38.0	27.0
1951019.25238	38.0	28.0
1950997.76885	38.0	29.0
1950867.70112	38.0	30.0
1950937.9812	38.0	31.0
1950906.87665	38.0	32.0
1950874.27456	38.0	33.0
1950841.18335	38.0	34.0
1950806.51473	38.0	35.0
1950785.48943	38.0	36.0
1950743.18796	38.0	37.0
1950594.43475	39.0	20.0
1950684.31642	39.0	21.0
1950755.9529	39.0	22.0
1950654.32518	39.0	23.0
1950881.29937	39.0	24.0
1950924.09259	39.0	25.0
1950949.93862	39.0	26.0
1950586.37703	39.0	27.0
1950935.92815	39.0	28.0
1950624.13335	39.0	29.0
1950535.45647	39.0	30.0
1950863.65206	39.0	31.0
1950837.63935	39.0	32.0
1950821.69904	39.0	33.0
1950783.41418	39.0	34.0
1950756.0415	39.0	35.0
1950726.54013	39.0	36.0
1950693.55624	39.0	37.0
1950657.30846	39.0	38.0
1950487.76779	40.0	20.0
1950577.24638	40.0	21.0
1950653.80324	40.0	22.0
1950705.80884	40.0	23.0
1950780.57341	40.0	24.0
1950622.75749	40.0	25.0
1950517.16488	40.0	26.0
1950628.80616	40.0	27.0
1950823.27907	40.0	28.0
1950809.92217	40.0	29.0
1950797.02642	40.0	30.0
1950780.72224	40.0	31.0
1950590.70007	40.0	32.0
1950559.41782	40.0	33.0
1950549.21098	40.0	34.0
1950702.26218	40.0	35.0
1950675.78355	40.0	36.0
1950645.67424	40.0	37.0
1950698.69637	40.0	38.0
1950413.19187	40.0	39.0
1950429.70127	41.0	20.0
1950418.15836	41.0	21.0
1950524.72039	41.0	22.0
1950670.00851	41.0	23.0
1950634.42675	41.0	24.0
1950666.29249	41.0	25.0
1950616.7495	41.0	26.0
1950619.58077	41.0	27.0
1950698.57995	41.0	28.0
1950702.80337	41.0	29.0
1950702.1574	41.0	30.0
1950574.57976	41.0	31.0
1950689.20225	41.0	32.0
1950585.68901	41.0	33.0
1950664.38022	41.0	34.0
1950532.07056	41.0	35.0
1950622.29069	41.0	36.0
1950520.65972	41.0	37.0
1950566.26593	41.0	38.0
1950535.2914	41.0	39.0
1950502.98998	41.0	40.0
1950381.96685	42.0	20.0
1950370.06537	42.0	21.0
1950393.89387	42.0	22.0
1950398.23974	42.0	23.0
1950468.27819	42.0	24.0
1950498.27522	42.0	25.0
1950527.9048	42.0	26.0
1950557.65487	42.0	27.0
1950582.14274	42.0	28.0
1950580.55531	42.0	29.0
1950603.98149	42.0	30.0
1950593.43746	42.0	31.0
1950616.26074	42.0	32.0
1950567.73613	42.0	33.0
1950601.84431	42.0	34.0
1950587.92631	42.0	35.0
1950557.7516	42.0	36.0
1950544.82037	42.0	37.0
1950520.1072	42.0	38.0
1950493.51067	42.0	39.0
1950469.01567	42.0	40.0
1950428.54211	42.0	41.0
1950380.93697	43.0	20.0
1950314.99371	43.0	21.0
1950650.87613	43.0	22.0
1950302.37122	43.0	23.0
1950325.80488	43.0	24.0
1950362.22918	43.0	25.0
1950405.8822	43.0	26.0
1950446.88383	43.0	27.0
1950674.63644	43.0	28.0
1950506.51749	43.0	29.0
1950279.28668	43.0	30.0
1950539.0828	43.0	31.0
1950562.62985	43.0	32.0
1950545.56684	43.0	33.0
1950435.09334	43.0	34.0
1950540.06428	43.0	35.0
1950512.89176	43.0	36.0
1950495.07516	43.0	37.0
1950474.73967	43.0	38.0
1950452.6479	43.0	39.0
1950523.50334	43.0	40.0
1950488.75149	43.0	41.0
1950451.40975	43.0	42.0
1950447.12764	44.0	20.0
1950328.59971	44.0	21.0
1950261.34045	44.0	22.0
1950237.46257	44.0	23.0
1950248.80232	44.0	24.0
1950283.37323	44.0	25.0
1950587.17018	44.0	26.0
1950411.37169	44.0	27.0
1950629.70592	44.0	28.0
1950428.99895	44.0	29.0
1950452.52808	44.0	30.0
1950469.59593	44.0	31.0
1950478.78112	44.0	32.0
1950481.0178	44.0	33.0
1950208.09433	44.0	34.0
1950471.43341	44.0	35.0
1950460.95653	44.0	36.0
1950447.40908	44.0	37.0
1950410.95877	44.0	38.0
1950432.91201	44.0	39.0
1950396.05542	44.0	40.0
1950486.62026	44.0	41.0
1950356.76034	44.0	42.0
1950337.42794	44.0	43.0
1950577.47549	45.0	20.0
1950421.93197	45.0	21.0
1950314.71598	45.0	22.0
1950260.42726	45.0	23.0
1950249.18804	45.0	24.0
1950661.43083	45.0	25.0
1950284.36001	45.0	26.0
1950557.40352	45.0	27.0
1950342.85667	45.0	28.0
1950368.75298	45.0	29.0
1950391.51833	45.0	30.0
1950556.63699	45.0	31.0
1950417.59513	45.0	32.0
1950422.40074	45.0	33.0
1950484.32397	45.0	34.0
1950161.90509	45.0	35.0
1950412.89748	45.0	36.0
1950503.47764	45.0	37.0
1950392.0792	45.0	38.0
1950378.94575	45.0	39.0
1950364.15248	45.0	40.0
1950485.08414	45.0	41.0
1950335.26469	45.0	42.0
1950478.8722	45.0	43.0
1950301.79722	45.0	44.0
1950745.10292	46.0	20.0
1950674.06475	46.0	21.0
1950645.31992	46.0	22.0
1950332.29669	46.0	23.0
1950308.20803	46.0	24.0
1950284.29774	46.0	25.0
1950281.06162	46.0	26.0
1950291.20382	46.0	27.0
1950307.96015	46.0	28.0
1950326.71362	46.0	29.0
1950341.61662	46.0	30.0
1950582.06528	46.0	31.0
1950364.04407	46.0	32.0
1950371.52035	46.0	33.0
1950374.35414	46.0	34.0
1950373.84097	46.0	35.0
1950490.35366	46.0	36.0
1950364.60015	46.0	37.0
1950356.71779	46.0	38.0
1950353.10149	46.0	39.0
1950435.96984	46.0	40.0
1950323.14354	46.0	41.0
1950310.7363	46.0	42.0
1950298.27374	46.0	43.0
1950285.9188	46.0	44.0
1950454.52973	46.0	45.0
1950903.31193	47.0	20.0
1950660.04254	47.0	21.0
1950614.57452	47.0	22.0
1950491.87062	47.0	23.0
1950399.86744	47.0	24.0
1950340.69839	47.0	25.0
1950308.96413	47.0	26.0
1950296.75841	47.0	27.0
1950294.68906	47.0	28.0
1950564.97112	47.0	29.0
1950309.45575	47.0	30.0
1950317.82016	47.0	31.0
1950758.12482	47.0	32.0
1950331.24044	47.0	33.0
1950334.83314	47.0	34.0
1950662.79433	47.0	35.0
1950157.18168	47.0	36.0
1950331.59164	47.0	37.0
1950514.17913	47.0	38.0
1950329.954	47.0	39.0
1950310.36253	47.0	40.0
1950301.28271	47.0	41.0
1950291.70588	47.0	42.0
1950281.73748	47.0	43.0
1950472.42833	47.0	44.0
1950261.19406	47.0	45.0
1950427.30093	47.0	46.0
1951000.68871	48.0	20.0
1950903.13939	48.0	21.0
1950685.5386	48.0	22.0
1950629.76207	48.0	23.0
1950504.69999	48.0	24.0
1950418.04076	48.0	25.0
1950631.25763	48.0	26.0
1950579.73068	48.0	27.0
1950304.67319	48.0	28.0
1950295.25231	48.0	29.0
1950293.21757	48.0	30.0
1950548.91843	48.0	31.0
1950515.70491	48.0	32.0
1950302.78598	48.0	33.0
1950305.56611	48.0	34.0
1950307.07116	48.0	35.0
1950306.98573	48.0	36.0
1950304.83802	48.0	37.0
1950300.9289	48.0	38.0
1950507.76661	48.0	39.0
1950289.89086	48.0	40.0
1950283.08357	48.0	41.0
1950275.60343	48.0	42.0
1950433.94584	48.0	43.0
1950258.7139	48.0	44.0
1950219.44909	48.0	45.0
1950242.09136	48.0	46.0
1950234.5039	48.0	47.0
1951001.54585	49.0	20.0
1950967.99687	49.0	21.0
1950861.45454	49.0	22.0
1950731.20158	49.0	23.0
1950638.74621	49.0	24.0
1950560.66971	49.0	25.0
1950425.75385	49.0	26.0
1950369.23284	49.0	27.0
1950330.85425	49.0	28.0
1950307.59113	49.0	29.0
1950294.81151	49.0	30.0
1950288.00893	49.0	31.0
1950287.03007	49.0	32.0
1950286.83211	49.0	33.0
1950287.42357	49.0	34.0
1950288.23893	49.0	35.0
1950558.26655	49.0	36.0
1950285.04846	49.0	37.0
1950282.20232	49.0	38.0
1950278.54696	49.0	39.0
1950274.00288	49.0	40.0
1950268.41113	49.0	41.0
1950427.53583	49.0	42.0
1950497.51445	49.0	43.0
1950465.78546	49.0	44.0
1950241.053	49.0	45.0
1950462.94213	49.0	46.0
1950227.4905	49.0	47.0
1950387.43484	49.0	48.0
